100 0.456865 0.631045 1.09229 1175.38 1334.05 2186.34 6.4523e+06 4.66917e+06 7.09528e+06 2.67831e+06 2.03241e+06 8.01664e+06 7.5011e+06 7.48184e+06 2.75202e+06 2.18198e+06 -3.88592e+06 62633.7 -2779.27 -4117.11 -2369.53 0.87564 0.280088 0.207542
104.713 0.457052 0.631134 1.09119 1176.38 1334.51 2182.09 6.44197e+06 4.66476e+06 7.08101e+06 2.67732e+06 2.03255e+06 7.99873e+06 7.48397e+06 7.4648e+06 2.75077e+06 2.1816e+06 -3.86606e+06 66084 -2777.82 -4110.44 -2369.19 0.874871 0.279569 0.207473
109.648 0.45724 0.631223 1.0901 1177.37 1334.98 2177.86 6.43172e+06 4.66042e+06 7.06682e+06 2.67632e+06 2.03269e+06 7.98091e+06 7.46693e+06 7.44786e+06 2.74952e+06 2.18121e+06 -3.84626e+06 69504.4 -2776.37 -4103.79 -2368.84 0.874103 0.279051 0.207404
114.815 0.457428 0.631312 1.08901 1178.37 1335.45 2173.64 6.42155e+06 4.65617e+06 7.05271e+06 2.67533e+06 2.03282e+06 7.9632e+06 7.45e+06 7.43101e+06 2.74826e+06 2.18082e+06 -3.8265e+06 72895.4 -2774.94 -4097.16 -2368.5 0.873337 0.278536 0.207334
120.226 0.457616 0.631401 1.08792 1179.36 1335.91 2169.44 6.41146e+06 4.65198e+06 7.03869e+06 2.67433e+06 2.03296e+06 7.94558e+06 7.43317e+06 7.41427e+06 2.74701e+06 2.18043e+06 -3.80679e+06 76257 -2773.52 -4090.56 -2368.15 0.872573 0.278022 0.207265
125.893 0.457804 0.63149 1.08684 1180.36 1336.38 2165.26 6.40144e+06 4.64788e+06 7.02475e+06 2.67333e+06 2.03309e+06 7.92805e+06 7.41644e+06 7.39763e+06 2.74575e+06 2.18004e+06 -3.78712e+06 79589.6 -2772.11 -4083.97 -2367.79 0.87181 0.277509 0.207196
131.826 0.457992 0.631579 1.08576 1181.36 1336.84 2161.09 6.39151e+06 4.64385e+06 7.01089e+06 2.67233e+06 2.03322e+06 7.91062e+06 7.3998e+06 7.38108e+06 2.74449e+06 2.17965e+06 -3.76751e+06 82893.3 -2770.72 -4077.41 -2367.43 0.871049 0.276999 0.207126
138.038 0.458181 0.631668 1.08468 1182.37 1337.31 2156.94 6.38164e+06 4.63989e+06 6.99711e+06 2.67133e+06 2.03335e+06 7.89329e+06 7.38326e+06 7.36463e+06 2.74323e+06 2.17926e+06 -3.74793e+06 86168.4 -2769.34 -4070.87 -2367.07 0.87029 0.27649 0.207056
144.544 0.45837 0.631757 1.0836 1183.37 1337.78 2152.81 6.37186e+06 4.63601e+06 6.98341e+06 2.67033e+06 2.03348e+06 7.87605e+06 7.36681e+06 7.34827e+06 2.74197e+06 2.17887e+06 -3.72841e+06 89415.1 -2767.97 -4064.35 -2366.7 0.869532 0.275982 0.206987
151.356 0.458559 0.631846 1.08253 1184.38 1338.24 2148.69 6.36215e+06 4.6322e+06 6.96979e+06 2.66933e+06 2.0336e+06 7.8589e+06 7.35046e+06 7.33201e+06 2.74071e+06 2.17847e+06 -3.70892e+06 92633.7 -2766.62 -4057.86 -2366.32 0.868776 0.275477 0.206917
158.489 0.458748 0.631935 1.08146 1185.38 1338.71 2144.58 6.35251e+06 4.62847e+06 6.95625e+06 2.66832e+06 2.03373e+06 7.84184e+06 7.3342e+06 7.31585e+06 2.73944e+06 2.17808e+06 -3.68949e+06 95824.3 -2765.27 -4051.38 -2365.95 0.868021 0.274973 0.206847
165.959 0.458937 0.632024 1.0804 1186.39 1339.17 2140.49 6.34294e+06 4.6248e+06 6.94278e+06 2.66731e+06 2.03385e+06 7.82488e+06 7.31804e+06 7.29978e+06 2.73818e+06 2.17768e+06 -3.67009e+06 98987.1 -2763.94 -4044.93 -2365.56 0.867268 0.27447 0.206777
173.78 0.459127 0.632114 1.07934 1187.4 1339.64 2136.42 6.33345e+06 4.62121e+06 6.9294e+06 2.6663e+06 2.03398e+06 7.80801e+06 7.30197e+06 7.2838e+06 2.73691e+06 2.17728e+06 -3.65074e+06 102122 -2762.62 -4038.5 -2365.18 0.866516 0.27397 0.206707
181.97 0.459317 0.632203 1.07828 1188.41 1340.1 2132.36 6.32403e+06 4.61769e+06 6.91609e+06 2.66529e+06 2.0341e+06 7.79123e+06 7.28599e+06 7.26791e+06 2.73564e+06 2.17689e+06 -3.63144e+06 105230 -2761.32 -4032.09 -2364.79 0.865766 0.273471 0.206637
190.546 0.459507 0.632292 1.07722 1189.42 1340.57 2128.32 6.31469e+06 4.61424e+06 6.90285e+06 2.66428e+06 2.03422e+06 7.77453e+06 7.2701e+06 7.25212e+06 2.73437e+06 2.17649e+06 -3.61217e+06 108311 -2760.02 -4025.7 -2364.4 0.865018 0.272973 0.206567
199.526 0.459698 0.632381 1.07617 1190.44 1341.03 2124.29 6.30541e+06 4.61086e+06 6.8897e+06 2.66326e+06 2.03434e+06 7.75793e+06 7.2543e+06 7.23642e+06 2.7331e+06 2.17609e+06 -3.59295e+06 111365 -2758.74 -4019.33 -2364 0.864271 0.272477 0.206497
208.93 0.459888 0.632471 1.07512 1191.46 1341.5 2120.28 6.29621e+06 4.60755e+06 6.87661e+06 2.66225e+06 2.03446e+06 7.74141e+06 7.2386e+06 7.2208e+06 2.73183e+06 2.17569e+06 -3.57377e+06 114392 -2757.47 -4012.98 -2363.59 0.863526 0.271983 0.206427
218.776 0.460079 0.63256 1.07407 1192.47 1341.96 2116.28 6.28707e+06 4.60431e+06 6.86361e+06 2.66123e+06 2.03457e+06 7.72499e+06 7.22298e+06 7.20528e+06 2.73055e+06 2.17528e+06 -3.55464e+06 117393 -2756.21 -4006.65 -2363.19 0.862782 0.27149 0.206356
229.087 0.460271 0.632649 1.07303 1193.49 1342.43 2112.3 6.27801e+06 4.60114e+06 6.85067e+06 2.66021e+06 2.03469e+06 7.70864e+06 7.20745e+06 7.18985e+06 2.72927e+06 2.17488e+06 -3.53554e+06 120368 -2754.96 -4000.35 -2362.78 0.86204 0.270999 0.206286
239.883 0.460462 0.632738 1.07199 1194.51 1342.89 2108.33 6.26901e+06 4.59804e+06 6.83781e+06 2.65919e+06 2.0348e+06 7.69239e+06 7.19201e+06 7.1745e+06 2.728e+06 2.17448e+06 -3.51649e+06 123316 -2753.72 -3994.06 -2362.36 0.861299 0.27051 0.206215
251.189 0.460654 0.632828 1.07095 1195.54 1343.36 2104.37 6.26009e+06 4.595e+06 6.82502e+06 2.65817e+06 2.03492e+06 7.67622e+06 7.17665e+06 7.15924e+06 2.72672e+06 2.17407e+06 -3.49747e+06 126238 -2752.5 -3987.79 -2361.94 0.86056 0.270022 0.206145
263.027 0.460845 0.632917 1.06992 1196.56 1343.82 2100.43 6.25123e+06 4.59204e+06 6.81231e+06 2.65714e+06 2.03503e+06 7.66013e+06 7.16139e+06 7.14407e+06 2.72544e+06 2.17366e+06 -3.4785e+06 129135 -2751.28 -3981.55 -2361.52 0.859822 0.269535 0.206074
275.423 0.461037 0.633006 1.06888 1197.58 1344.29 2096.51 6.24244e+06 4.58914e+06 6.79967e+06 2.65611e+06 2.03514e+06 7.64413e+06 7.1462e+06 7.12899e+06 2.72415e+06 2.17326e+06 -3.45957e+06 132006 -2750.08 -3975.32 -2361.1 0.859086 0.26905 0.206003
288.403 0.46123 0.633096 1.06786 1198.61 1344.75 2092.6 6.23372e+06 4.5863e+06 6.78709e+06 2.65509e+06 2.03524e+06 7.62822e+06 7.13111e+06 7.11399e+06 2.72287e+06 2.17285e+06 -3.44068e+06 134852 -2748.89 -3969.11 -2360.67 0.858351 0.268567 0.205933
301.995 0.461422 0.633185 1.06683 1199.64 1345.21 2088.7 6.22506e+06 4.58353e+06 6.77459e+06 2.65406e+06 2.03535e+06 7.61238e+06 7.11609e+06 7.09907e+06 2.72158e+06 2.17244e+06 -3.42182e+06 137673 -2747.71 -3962.93 -2360.23 0.857618 0.268085 0.205862
316.228 0.461615 0.633275 1.06581 1200.67 1345.68 2084.82 6.21647e+06 4.58083e+06 6.76216e+06 2.65303e+06 2.03546e+06 7.59663e+06 7.10117e+06 7.08424e+06 2.7203e+06 2.17203e+06 -3.40301e+06 140468 -2746.54 -3956.76 -2359.79 0.856886 0.267605 0.205791
331.131 0.461808 0.633364 1.06479 1201.7 1346.14 2080.96 6.20795e+06 4.57819e+06 6.7498e+06 2.65199e+06 2.03556e+06 7.58096e+06 7.08632e+06 7.0695e+06 2.71901e+06 2.17162e+06 -3.38423e+06 143239 -2745.38 -3950.61 -2359.35 0.856155 0.267126 0.20572
346.737 0.462001 0.633453 1.06377 1202.74 1346.61 2077.1 6.19949e+06 4.57562e+06 6.73751e+06 2.65096e+06 2.03566e+06 7.56537e+06 7.07156e+06 7.05483e+06 2.71772e+06 2.1712e+06 -3.36549e+06 145985 -2744.24 -3944.49 -2358.9 0.855426 0.266649 0.205649
363.078 0.462195 0.633543 1.06275 1203.77 1347.07 2073.27 6.1911e+06 4.57311e+06 6.72528e+06 2.64992e+06 2.03576e+06 7.54986e+06 7.05688e+06 7.04025e+06 2.71643e+06 2.17079e+06 -3.34679e+06 148707 -2743.1 -3938.38 -2358.45 0.854699 0.266173 0.205578
380.189 0.462389 0.633632 1.06174 1204.81 1347.53 2069.44 6.18277e+06 4.57066e+06 6.71313e+06 2.64888e+06 2.03586e+06 7.53443e+06 7.04228e+06 7.02575e+06 2.71513e+06 2.17038e+06 -3.32813e+06 151405 -2741.98 -3932.29 -2358 0.853973 0.265699 0.205506
398.107 0.462583 0.633722 1.06073 1205.85 1348 2065.63 6.1745e+06 4.56828e+06 6.70104e+06 2.64784e+06 2.03596e+06 7.51908e+06 7.02776e+06 7.01134e+06 2.71384e+06 2.16996e+06 -3.30951e+06 154079 -2740.86 -3926.22 -2357.54 0.853248 0.265226 0.205435
416.869 0.462777 0.633811 1.05973 1206.89 1348.46 2061.83 6.1663e+06 4.56596e+06 6.68902e+06 2.6468e+06 2.03606e+06 7.50381e+06 7.01332e+06 6.997e+06 2.71254e+06 2.16954e+06 -3.29092e+06 156728 -2739.76 -3920.17 -2357.08 0.852525 0.264755 0.205364
436.516 0.462971 0.633901 1.05872 1207.93 1348.93 2058.05 6.15816e+06 4.56371e+06 6.67707e+06 2.64576e+06 2.03616e+06 7.48862e+06 6.99896e+06 6.98274e+06 2.71124e+06 2.16913e+06 -3.27237e+06 159354 -2738.67 -3914.14 -2356.61 0.851803 0.264285 0.205292
457.088 0.463166 0.633991 1.05772 1208.97 1349.39 2054.28 6.15009e+06 4.56151e+06 6.66518e+06 2.64471e+06 2.03625e+06 7.4735e+06 6.98468e+06 6.96856e+06 2.70995e+06 2.16871e+06 -3.25385e+06 161957 -2737.58 -3908.12 -2356.14 0.851082 0.263816 0.205221
478.63 0.463361 0.63408 1.05673 1210.01 1349.85 2050.52 6.14207e+06 4.55938e+06 6.65336e+06 2.64367e+06 2.03634e+06 7.45847e+06 6.97048e+06 6.95447e+06 2.70864e+06 2.16829e+06 -3.23537e+06 164536 -2736.51 -3902.13 -2355.67 0.850363 0.26335 0.205149
501.187 0.463556 0.63417 1.05573 1211.06 1350.32 2046.78 6.13412e+06 4.5573e+06 6.6416e+06 2.64262e+06 2.03643e+06 7.4435e+06 6.95636e+06 6.94045e+06 2.70734e+06 2.16787e+06 -3.21693e+06 167091 -2735.45 -3896.15 -2355.19 0.849646 0.262884 0.205078
524.807 0.463751 0.634259 1.05474 1212.11 1350.78 2043.05 6.12623e+06 4.55529e+06 6.62991e+06 2.64157e+06 2.03652e+06 7.42862e+06 6.94231e+06 6.9265e+06 2.70604e+06 2.16744e+06 -3.19852e+06 169624 -2734.4 -3890.2 -2354.71 0.848929 0.26242 0.205006
549.541 0.463947 0.634349 1.05375 1213.16 1351.24 2039.34 6.1184e+06 4.55334e+06 6.61828e+06 2.64052e+06 2.03661e+06 7.41381e+06 6.92835e+06 6.91264e+06 2.70473e+06 2.16702e+06 -3.18015e+06 172134 -2733.36 -3884.26 -2354.23 0.848214 0.261957 0.204934
575.44 0.464143 0.634439 1.05276 1214.21 1351.71 2035.64 6.11063e+06 4.55145e+06 6.60672e+06 2.63946e+06 2.0367e+06 7.39907e+06 6.91445e+06 6.89885e+06 2.70343e+06 2.1666e+06 -3.16181e+06 174621 -2732.33 -3878.34 -2353.74 0.847501 0.261496 0.204863
602.56 0.464339 0.634528 1.05178 1215.26 1352.17 2031.95 6.10292e+06 4.54962e+06 6.59522e+06 2.63841e+06 2.03679e+06 7.38441e+06 6.90064e+06 6.88514e+06 2.70212e+06 2.16617e+06 -3.14351e+06 177086 -2731.3 -3872.44 -2353.25 0.846788 0.261037 0.204791
630.957 0.464535 0.634618 1.0508 1216.32 1352.63 2028.27 6.09527e+06 4.54784e+06 6.58378e+06 2.63735e+06 2.03687e+06 7.36982e+06 6.88689e+06 6.8715e+06 2.70081e+06 2.16574e+06 -3.12524e+06 179528 -2730.29 -3866.55 -2352.75 0.846077 0.260578 0.204719
660.693 0.464732 0.634708 1.04982 1217.37 1353.1 2024.61 6.08768e+06 4.54613e+06 6.5724e+06 2.63629e+06 2.03695e+06 7.3553e+06 6.87323e+06 6.85794e+06 2.6995e+06 2.16532e+06 -3.10701e+06 181948 -2729.29 -3860.69 -2352.25 0.845368 0.260121 0.204647
691.831 0.464929 0.634798 1.04884 1218.43 1353.56 2020.96 6.08015e+06 4.54447e+06 6.56109e+06 2.63523e+06 2.03703e+06 7.34086e+06 6.85963e+06 6.84445e+06 2.69818e+06 2.16489e+06 -3.0888e+06 184346 -2728.3 -3854.84 -2351.75 0.84466 0.259666 0.204575
724.436 0.465126 0.634887 1.04787 1219.49 1354.02 2017.33 6.07267e+06 4.54287e+06 6.54984e+06 2.63417e+06 2.03711e+06 7.32648e+06 6.84611e+06 6.83104e+06 2.69687e+06 2.16446e+06 -3.07064e+06 186722 -2727.32 -3849.01 -2351.24 0.843953 0.259212 0.204503
758.578 0.465323 0.634977 1.0469 1220.55 1354.49 2013.7 6.06526e+06 4.54133e+06 6.53865e+06 2.63311e+06 2.03719e+06 7.31218e+06 6.83266e+06 6.8177e+06 2.69555e+06 2.16403e+06 -3.0525e+06 189076 -2726.35 -3843.19 -2350.73 0.843247 0.258759 0.20443
794.328 0.465521 0.635067 1.04593 1221.62 1354.95 2010.09 6.0579e+06 4.53985e+06 6.52752e+06 2.63204e+06 2.03727e+06 7.29795e+06 6.81929e+06 6.80443e+06 2.69423e+06 2.16359e+06 -3.0344e+06 191409 -2725.38 -3837.4 -2350.22 0.842543 0.258308 0.204358
831.764 0.465719 0.635157 1.04497 1222.68 1355.41 2006.49 6.0506e+06 4.53842e+06 6.51645e+06 2.63097e+06 2.03734e+06 7.28379e+06 6.80599e+06 6.79123e+06 2.69291e+06 2.16316e+06 -3.01633e+06 193720 -2724.43 -3831.62 -2349.7 0.84184 0.257858 0.204286
870.964 0.465917 0.635247 1.044 1223.75 1355.88 2002.91 6.04335e+06 4.53705e+06 6.50544e+06 2.6299e+06 2.03741e+06 7.2697e+06 6.79275e+06 6.77811e+06 2.69159e+06 2.16273e+06 -2.99829e+06 196010 -2723.49 -3825.86 -2349.18 0.841138 0.257409 0.204213
912.011 0.466115 0.635337 1.04304 1224.82 1356.34 1999.34 6.03616e+06 4.53573e+06 6.49449e+06 2.62883e+06 2.03749e+06 7.25568e+06 6.77959e+06 6.76505e+06 2.69027e+06 2.16229e+06 -2.98029e+06 198278 -2722.55 -3820.12 -2348.65 0.840437 0.256962 0.204141
954.993 0.466314 0.635426 1.04209 1225.89 1356.8 1995.78 6.02903e+06 4.53447e+06 6.48359e+06 2.62776e+06 2.03756e+06 7.24173e+06 6.7665e+06 6.75207e+06 2.68895e+06 2.16185e+06 -2.96231e+06 200526 -2721.63 -3814.39 -2348.12 0.839738 0.256516 0.204068
1000 0.466513 0.635516 1.04113 1226.96 1357.26 1992.23 6.02195e+06 4.53327e+06 6.47276e+06 2.62669e+06 2.03763e+06 7.22785e+06 6.75348e+06 6.73916e+06 2.68762e+06 2.16142e+06 -2.94437e+06 202752 -2720.71 -3808.68 -2347.59 0.83904 0.256071 0.203996
1047.13 0.466712 0.635606 1.04018 1228.03 1357.73 1988.7 6.01493e+06 4.53212e+06 6.46199e+06 2.62561e+06 2.03769e+06 7.21403e+06 6.74053e+06 6.72632e+06 2.68629e+06 2.16098e+06 -2.92646e+06 204958 -2719.81 -3802.99 -2347.05 0.838344 0.255628 0.203923
1096.48 0.466911 0.635696 1.03923 1229.11 1358.19 1985.17 6.00796e+06 4.53103e+06 6.45127e+06 2.62453e+06 2.03776e+06 7.20028e+06 6.72764e+06 6.71355e+06 2.68497e+06 2.16054e+06 -2.90858e+06 207144 -2718.91 -3797.32 -2346.51 0.837648 0.255186 0.20385
1148.15 0.467111 0.635786 1.03828 1230.18 1358.65 1981.66 6.00104e+06 4.52998e+06 6.44061e+06 2.62345e+06 2.03782e+06 7.1866e+06 6.71483e+06 6.70084e+06 2.68364e+06 2.1601e+06 -2.89073e+06 209308 -2718.02 -3791.66 -2345.97 0.836954 0.254745 0.203778
1202.26 0.467311 0.635876 1.03734 1231.26 1359.12 1978.17 5.99418e+06 4.529e+06 6.43e+06 2.62237e+06 2.03789e+06 7.17298e+06 6.70208e+06 6.68821e+06 2.6823e+06 2.15965e+06 -2.87291e+06 211453 -2717.14 -3786.02 -2345.42 0.836262 0.254306 0.203705
1258.93 0.467511 0.635966 1.0364 1232.34 1359.58 1974.68 5.98738e+06 4.52806e+06 6.41946e+06 2.62129e+06 2.03795e+06 7.15943e+06 6.6894e+06 6.67564e+06 2.68097e+06 2.15921e+06 -2.85513e+06 213577 -2716.27 -3780.39 -2344.87 0.83557 0.253868 0.203632
1318.26 0.467711 0.636056 1.03546 1233.42 1360.04 1971.21 5.98062e+06 4.52718e+06 6.40897e+06 2.6202e+06 2.03801e+06 7.14595e+06 6.67679e+06 6.66314e+06 2.67964e+06 2.15877e+06 -2.83737e+06 215682 -2715.41 -3774.79 -2344.32 0.83488 0.253432 0.203559
1380.38 0.467912 0.636146 1.03452 1234.51 1360.5 1967.75 5.97392e+06 4.52635e+06 6.39853e+06 2.61912e+06 2.03806e+06 7.13253e+06 6.66424e+06 6.6507e+06 2.6783e+06 2.15832e+06 -2.81964e+06 217766 -2714.56 -3769.19 -2343.76 0.83419 0.252996 0.203486
1445.44 0.468113 0.636236 1.03358 1235.59 1360.97 1964.3 5.96727e+06 4.52558e+06 6.38815e+06 2.61803e+06 2.03812e+06 7.11917e+06 6.65176e+06 6.63833e+06 2.67696e+06 2.15787e+06 -2.80194e+06 219831 -2713.72 -3763.62 -2343.2 0.833502 0.252562 0.203413
1513.56 0.468314 0.636327 1.03265 1236.68 1361.43 1960.86 5.96068e+06 4.52485e+06 6.37783e+06 2.61694e+06 2.03818e+06 7.10588e+06 6.63934e+06 6.62603e+06 2.67562e+06 2.15742e+06 -2.78427e+06 221876 -2712.88 -3758.06 -2342.64 0.832816 0.25213 0.20334
1584.89 0.468515 0.636417 1.03172 1237.77 1361.89 1957.44 5.95413e+06 4.52418e+06 6.36755e+06 2.61585e+06 2.03823e+06 7.09266e+06 6.62699e+06 6.6138e+06 2.67428e+06 2.15697e+06 -2.76663e+06 223901 -2712.06 -3752.52 -2342.07 0.83213 0.251698 0.203266
1659.59 0.468717 0.636507 1.0308 1238.86 1362.35 1954.02 5.94764e+06 4.52356e+06 6.35734e+06 2.61475e+06 2.03828e+06 7.07949e+06 6.61471e+06 6.60162e+06 2.67294e+06 2.15652e+06 -2.74901e+06 225907 -2711.24 -3746.99 -2341.5 0.831446 0.251268 0.203193
1737.8 0.468919 0.636597 1.02987 1239.95 1362.82 1950.62 5.9412e+06 4.52299e+06 6.34718e+06 2.61366e+06 2.03833e+06 7.06639e+06 6.60248e+06 6.58952e+06 2.67159e+06 2.15607e+06 -2.73143e+06 227894 -2710.43 -3741.48 -2340.92 0.830763 0.250839 0.20312
1819.7 0.469121 0.636687 1.02895 1241.05 1363.28 1947.23 5.93481e+06 4.52247e+06 6.33707e+06 2.61256e+06 2.03838e+06 7.05335e+06 6.59032e+06 6.57747e+06 2.67025e+06 2.15562e+06 -2.71387e+06 229862 -2709.63 -3735.99 -2340.35 0.830081 0.250411 0.203046
1905.46 0.469323 0.636777 1.02803 1242.14 1363.74 1943.85 5.92846e+06 4.522e+06 6.32701e+06 2.61146e+06 2.03842e+06 7.04037e+06 6.57823e+06 6.56549e+06 2.6689e+06 2.15517e+06 -2.69635e+06 231810 -2708.84 -3730.51 -2339.76 0.8294 0.249985 0.202973
1995.26 0.469526 0.636868 1.02711 1243.24 1364.21 1940.49 5.92217e+06 4.52158e+06 6.31701e+06 2.61036e+06 2.03847e+06 7.02745e+06 6.5662e+06 6.55358e+06 2.66755e+06 2.15471e+06 -2.67885e+06 233740 -2708.06 -3725.05 -2339.18 0.828721 0.24956 0.202899
2089.3 0.469729 0.636958 1.0262 1244.34 1364.67 1937.13 5.91593e+06 4.52121e+06 6.30705e+06 2.60926e+06 2.03851e+06 7.0146e+06 6.55422e+06 6.54172e+06 2.6662e+06 2.15425e+06 -2.66137e+06 235651 -2707.28 -3719.6 -2338.59 0.828042 0.249136 0.202826
2187.76 0.469932 0.637048 1.02528 1245.44 1365.13 1933.79 5.90974e+06 4.52089e+06 6.29715e+06 2.60815e+06 2.03856e+06 7.0018e+06 6.54231e+06 6.52993e+06 2.66485e+06 2.1538e+06 -2.64393e+06 237544 -2706.51 -3714.17 -2338 0.827365 0.248713 0.202752
2290.87 0.470135 0.637139 1.02437 1246.54 1365.59 1930.45 5.90359e+06 4.52062e+06 6.28731e+06 2.60704e+06 2.0386e+06 6.98906e+06 6.53047e+06 6.5182e+06 2.6635e+06 2.15334e+06 -2.62651e+06 239418 -2705.75 -3708.75 -2337.41 0.826689 0.248292 0.202679
2398.83 0.470339 0.637229 1.02347 1247.65 1366.06 1927.13 5.8975e+06 4.52039e+06 6.27751e+06 2.60594e+06 2.03863e+06 6.97639e+06 6.51868e+06 6.50653e+06 2.66214e+06 2.15288e+06 -2.60912e+06 241273 -2705 -3703.35 -2336.81 0.826014 0.247872 0.202605
2511.89 0.470543 0.637319 1.02256 1248.76 1366.52 1923.82 5.89145e+06 4.52022e+06 6.26776e+06 2.60483e+06 2.03867e+06 6.96377e+06 6.50695e+06 6.49492e+06 2.66078e+06 2.15242e+06 -2.59176e+06 243110 -2704.26 -3697.97 -2336.21 0.82534 0.247453 0.202531
2630.27 0.470747 0.63741 1.02166 1249.86 1366.98 1920.53 5.88545e+06 4.52009e+06 6.25807e+06 2.60371e+06 2.03871e+06 6.95121e+06 6.49529e+06 6.48338e+06 2.65942e+06 2.15195e+06 -2.57442e+06 244929 -2703.53 -3692.6 -2335.6 0.824667 0.247035 0.202457
2754.23 0.470952 0.6375 1.02076 1250.98 1367.44 1917.24 5.8795e+06 4.52001e+06 6.24842e+06 2.6026e+06 2.03874e+06 6.93871e+06 6.48368e+06 6.47189e+06 2.65806e+06 2.15149e+06 -2.55711e+06 246730 -2702.8 -3687.24 -2334.99 0.823996 0.246619 0.202383
2884.03 0.471157 0.63759 1.01986 1252.09 1367.91 1913.96 5.87359e+06 4.51998e+06 6.23883e+06 2.60149e+06 2.03877e+06 6.92627e+06 6.47213e+06 6.46046e+06 2.6567e+06 2.15102e+06 -2.53982e+06 248514 -2702.08 -3681.9 -2334.38 0.823326 0.246203 0.202309
3019.95 0.471362 0.637681 1.01896 1253.2 1368.37 1910.7 5.86774e+06 4.52e+06 6.22928e+06 2.60037e+06 2.0388e+06 6.91388e+06 6.46064e+06 6.44909e+06 2.65534e+06 2.15056e+06 -2.52256e+06 250279 -2701.37 -3676.58 -2333.77 0.822656 0.245789 0.202235
3162.28 0.471567 0.637771 1.01807 1254.32 1368.83 1907.44 5.86193e+06 4.52006e+06 6.21978e+06 2.59925e+06 2.03883e+06 6.90155e+06 6.44921e+06 6.43778e+06 2.65397e+06 2.15009e+06 -2.50533e+06 252027 -2700.67 -3671.27 -2333.15 0.821988 0.245376 0.202161
3311.31 0.471772 0.637862 1.01718 1255.44 1369.29 1904.2 5.85616e+06 4.52017e+06 6.21034e+06 2.59813e+06 2.03886e+06 6.88928e+06 6.43784e+06 6.42653e+06 2.65261e+06 2.14962e+06 -2.48812e+06 253757 -2699.97 -3665.97 -2332.53 0.821321 0.244965 0.202087
3467.37 0.471978 0.637952 1.01629 1256.56 1369.76 1900.97 5.85044e+06 4.52032e+06 6.20094e+06 2.59701e+06 2.03888e+06 6.87707e+06 6.42652e+06 6.41534e+06 2.65124e+06 2.14915e+06 -2.47093e+06 255469 -2699.28 -3660.69 -2331.9 0.820655 0.244554 0.202013
3630.78 0.472184 0.638043 1.0154 1257.68 1370.22 1897.75 5.84477e+06 4.52052e+06 6.19158e+06 2.59588e+06 2.0389e+06 6.86491e+06 6.41527e+06 6.4042e+06 2.64987e+06 2.14868e+06 -2.45377e+06 257165 -2698.6 -3655.43 -2331.27 0.81999 0.244145 0.201939
3801.89 0.472391 0.638133 1.01452 1258.8 1370.68 1894.54 5.83914e+06 4.52077e+06 6.18228e+06 2.59476e+06 2.03893e+06 6.8528e+06 6.40407e+06 6.39313e+06 2.6485e+06 2.14821e+06 -2.43664e+06 258843 -2697.93 -3650.18 -2330.64 0.819326 0.243736 0.201864
3981.07 0.472597 0.638224 1.01363 1259.93 1371.14 1891.34 5.83356e+06 4.52106e+06 6.17302e+06 2.59363e+06 2.03895e+06 6.84075e+06 6.39292e+06 6.3821e+06 2.64713e+06 2.14773e+06 -2.41953e+06 260503 -2697.26 -3644.94 -2330.01 0.818664 0.243329 0.20179
4168.69 0.472804 0.638315 1.01275 1261.05 1371.61 1888.15 5.82802e+06 4.5214e+06 6.16381e+06 2.5925e+06 2.03896e+06 6.82876e+06 6.38183e+06 6.37114e+06 2.64575e+06 2.14726e+06 -2.40245e+06 262147 -2696.61 -3639.72 -2329.37 0.818002 0.242924 0.201715
4365.16 0.473011 0.638405 1.01188 1262.18 1372.07 1884.97 5.82253e+06 4.52178e+06 6.15465e+06 2.59137e+06 2.03898e+06 6.81682e+06 6.3708e+06 6.36023e+06 2.64438e+06 2.14678e+06 -2.38539e+06 263774 -2695.95 -3634.51 -2328.73 0.817342 0.242519 0.201641
4570.88 0.473218 0.638496 1.011 1263.31 1372.53 1881.8 5.81708e+06 4.5222e+06 6.14553e+06 2.59023e+06 2.039e+06 6.80493e+06 6.35982e+06 6.34938e+06 2.643e+06 2.1463e+06 -2.36835e+06 265384 -2695.31 -3629.32 -2328.08 0.816682 0.242115 0.201566
